4294967278,337
4294967278,311
4294967279,103
4294967279,102
4294967278,229
4294967279,105
4294967279,104
4294967278,421
4294967279,458
4294967278,326
4294967278,161
4294967279,162
4294967279,109
4294967279,108
4294967279,107
4294967279,106
4294967278,159
4294967279,160
4294967278,158
2446,4
4294967279,111
4294967279,110
4294967279,485
4294967278,365
4294967279,119
4294967279,118
4294967279,117
4294967279,116
4294967279,115
4294967279,114
4294967279,113
4294967279,112
4294967278,363
4294967294,193
4294967278,233
4294967278,153
4294967278,289
4294967279,241
4294967278,429
4294967278,151
4294967279,341
4294967279,150
4294967279,219
4294967278,418
4294967278,412
4294967279,130
4294967279,129
4294967279,128
4294967279,127
4294967279,126
4294967279,125
4294967279,124
4294967279,123
4294967279,122
4294967279,121
4294967279,120
4294967278,352
4294967279,317
4294967279,376
4294967278,274
4294967279,339
4294967278,287
4294967279,292
4294967278,143
4294967294,194
4294967278,142
4294967278,351
4294967278,141
4294967279,141
4294967278,380
4294967279,139
4294967278,138
4294967279,135
2470,7
4294967278,276
2470,6
2470,5
4294967278,136
2470,4
2470,3
2470,2
2470,1
4294967278,135
4294967278,15
4294967278,13
4294967278,11
4294967278,10
4294967278,9
4294967278,8
4294967278,6
4294967278,5
4294967278,4
4294967279,435
4294967279,132
4294967279,131
4294967278,372
4294967279,375
4294967278,410
4294967279,334
4294967278,343
4294967278,296
4294967278,7
4294967278,445
4294967278,399
4294967279,374
4294967278,348
4294967278,309
4294967278,259
4294967279,271
4294967278,282
4294967279,270
4294967278,14
4294967278,266
4294967278,342
4294967278,265
4294967278,12
4294967278,264
4294967279,266
2469,7
2469,6
2469,5
2469,4
2469,2
2469,1
4294967278,442
4294967279,331
4294967278,441
4294967279,358
4294967279,436
4294967279,260
4294967278,24
4294967278,23
4294967278,22
4294967278,21
4294967278,20
4294967278,19
4294967278,18
4294967278,17
4294967278,16
4294967278,292
4294967278,408
4294967279,373
4294967278,325
4294967278,281
4294967278,387
4294967279,372
4294967278,440
4294967278,316
4294967278,400
4294967278,137
4294967278,225
4294967278,174
4294967294,1413
4294967294,396
4294967294,582
4294967294,413
4294967294,407
4294967294,1595
4294967294,179
4294967294,384
4294967294,411
4294967294,1078
4294967294,403
4294967294,184
4294967294,1669
4294967294,1694
4294967278,244
4294967279,371
4294967278,240
4294967278,238
4294967278,26
4294967278,25
4294967278,341
4294967278,358
4294967278,405
4294967278,27
4294967278,402
4294967278,401
4294967278,28
2452,2
4294967279,370
4294967278,398
4294967278,390
4294967278,329
4294967278,29
4294967278,396
4294967278,30
4294967278,31
4294967278,425
4294967278,395
4294967278,203
4294967278,32
4294967278,215
4294967278,333
4294967278,33
4294967279,462
4294967278,384
4294967279,482
4294967278,34
4294967278,439
4294967279,308
4294967279,323
4294967278,35
4294967279,322
4294967278,36
4294967278,430
4294967279,195
4294967278,38
4294967278,37
4294967279,480
4294967278,438
4294967278,40
4294967278,39
4294967278,417
4294967279,193
4294967294,1590
4294967294,387
4294967279,352
4294967279,455
4294967278,415
4294967279,306
4294967278,42
4294967278,41
4294967278,414
4294967279,188
4294967278,277
4294967278,44
4294967278,43
4294967278,347
4294967279,369
4294967279,350
4294967278,223
4294967278,45
4294967279,349
4294967278,46
4294967279,422
4294967278,290
4294967279,348
4294967278,437
4294967278,48
4294967278,47
4294967279,319
4294967278,53
4294967278,52
4294967278,51
4294967278,50
4294967278,49
4294967278,434
4294967279,347
4294967278,424
4294967279,368
4294967278,413
4294967279,315
4294967278,423
4294967279,346
4294967278,376
4294967279,345
4294967278,345
4294967278,55
4294967278,54
4294967279,172
4294967278,375
4294967279,367
4294967278,394
2443,5
4294967278,56
4294967279,170
4294967279,475
4294967278,435
4294967278,57
4294967279,481
4294967278,60
4294967278,59
4294967278,58
4294967279,164
2449,4
2449,5
2446,6
2446,5
2438,4
2455,4
2455,5
4294967279,83
4294967279,82
4294967279,80
4294967278,433
4294967278,432
4294967279,351
4294967279,158
4294967279,156
4294967279,152
4294967279,155
2468,7
2468,6
4294967279,154
2468,5
2468,4
4294967279,153
2468,2
2468,1
4294967279,78
4294967279,76
4294967279,75
4294967279,74
4294967279,72
4294967279,151
4294967294,393
4294967294,392
4294967294,120
4294967279,311
4294967294,119
4294967279,256
4294967294,75
4294967279,71
4294967279,70
4294967279,69
4294967279,68
4294967279,67
4294967279,65
4294967279,64
4294967279,63
4294967279,340
2452,6
2440,4
2440,5
2452,4
2452,5
2443,6
2434,5
4294967279,59
4294967279,55
4294967279,54
4294967279,52
4294967279,51
4294967279,50
4294967279,49
4294967279,48
4294967279,47
4294967279,46
4294967279,43
4294967279,42
4294967279,41
4294967279,39
4294967279,38
4294967279,37
4294967279,35
4294967279,33
4294967279,32
4294967279,31
4294967279,26
4294967279,21
4294967279,19
4294967279,14
4294967279,10
4294967279,9
4294967279,144
4294967279,143
4294967294,1157
4294967294,1155
4294967294,1153
4294967294,1152
4294967294,1085
4294967294,1081
4294967294,1077
4294967294,1076
4294967294,1075
4294967294,1074
4294967294,1073
4294967294,1070
4294967294,1066
4294967294,401
4294967294,97
4294967294,1163
4294967294,1160
4294967294,1159
4294967294,1158
4294967294,1156
